A = [883 469 
881 474 
881 477 
880 482 
880 486 
879 490 
877 493 
876 496 
874 500 
874 503 
872 507 
869 510 
866 513 
864 517 
863 519 
861 524 
857 526 
855 528 
852 531 
849 534 
845 537 
843 539 
840 542 
836 544 
833 545 
829 548 
825 549 
823 552 
819 553 
816 556 
810 557 
807 559 
803 559 
799 562 
795 563 
791 564 
786 564 
782 565 
777 566 
772 567 
768 566 
763 567 
760 566 
755 567 
750 567 
746 567 
741 566 
736 566 
731 567 
727 565 
722 565 
718 563 
713 564 
709 563 
704 562 
699 560 
694 560 
689 558 
684 556 
680 555 
676 553 
671 552 
666 551 
662 548 
658 547 
653 545 
648 542 
645 540 
640 538 
636 536 
632 533 
627 531 
623 529 
619 527 
616 525 
611 520 
607 518 
604 516 
600 513 
597 512 
593 508 
589 506 
586 503 
582 500 
578 497 
575 494 
572 490 
570 487 
566 484 
563 481 
561 478 
557 475 
554 472 
551 470 
549 466 
547 463 
544 460 
541 458 
540 455 
537 452 
535 448 
533 445 
530 443 
529 440 
526 438 
524 435 
523 432 
521 428 
520 425 
517 424 
516 420 
515 418 
512 414 
512 413 
510 410 
509 407 
507 405 
506 402 
506 401 
505 398 
504 396 
503 395 
501 392 
501 391 
499 388 
499 388 
497 385 
497 383 
495 382 
496 381 
494 379 
493 378 
491 377 
491 375 
490 374 
490 373 
488 372 
487 371 
487 370 
485 370 
485 369 
484 368 
484 367 
483 367 
481 366 
481 367 
480 366 
480 366 
478 366 
477 366 
476 365 
476 365 
475 366 
474 366 
472 366 
472 367 
470 366 
469 367 
469 367 
467 368 
467 369 
465 369 
464 370 
462 371 
461 371 
460 372 
458 372 
457 373 
455 374 
453 375 
452 376 
449 377 
448 378 
446 380 
444 380 
442 381 
439 382 
438 383 
435 385 
433 386 
431 387 
429 388 
426 388 
423 390 
421 391 
418 392 
416 392 
414 394 
411 394 
407 396 
406 397 
403 399 
400 399 
397 401 
394 401 
391 402 
388 403 
385 405 
382 406 
378 406 
375 407 
371 409 
369 408 
366 410 
362 410 
359 411 
355 411 
352 411 
349 412 
345 412 
342 412 
338 413 
335 413 
331 413 
328 413 
325 414 
321 413 
318 412 
314 412 
311 412 
307 411 
304 411 
301 411 
297 411 
293 410 
290 409 
287 409 
284 408 
280 407 
278 406 
275 405 
272 404 
269 403 
265 401 
262 400 
260 399 
258 397 
256 396 
253 394 
250 393 
248 391 
245 390 
242 388 
240 386 
238 384 
236 382 
234 381 
232 378 
230 376 
228 373 
227 372 
225 370 
223 367 
223 365 
221 363 
221 360 
219 358 
218 356 
217 353 
216 351 
216 348 
216 345 
216 343 
215 341 
215 339 
214 336 
216 332 
215 331 
216 327 
217 326 
217 322 
218 321 
219 318 
220 315 
221 314 
222 311 
222 309 
224 306 
227 304 
228 301 
230 299 
232 297 
235 294 
237 292 
239 290 
242 289 
245 287 
248 286 
251 284 
255 283 
257 281 
260 280 
264 278 
267 276 
272 274 
275 274 
279 273 
284 272 
288 271 
291 270 
296 270 
300 269 
305 268 
308 269 
313 268 
318 268 
323 267 
329 268 
334 269 
339 269 
345 270 
350 269 
355 271 
361 272 
366 273 
372 273 
377 274 
383 276 
389 278 
394 279 
400 282 
406 283 
411 286 
417 289 
423 291 
428 294 
435 296 
441 300 
447 303 
452 306 
459 309 
465 312 
470 317 
476 320 
482 324 
487 329 
493 333 
499 337 
505 342 
510 347 
516 352 
520 357 
526 362 
532 367 
537 373 
542 378 
548 385 
552 389 
557 396 
562 402 
568 408 
572 415 
576 421 
580 427 
585 434 
590 440 
594 448 
599 454 
603 461 
606 469 
610 475 
614 484 
617 490 
621 499 
624 505 
628 513 
631 521 
633 529 
636 537 
639 545 
641 552 
643 561 
645 569 
647 576 
648 585 
650 594 
651 601 
653 610 
654 618 
655 627 
656 634 
657 643 
657 651 
658 659 
658 667 
658 676 
658 685 
656 692 
656 700 
656 708 
654 717 
653 724 
653 733 
651 740 
649 747 
648 754 
646 762 
643 770 
643 778 
640 786 
637 793 
634 800 
631 807 
629 814 
626 821 
622 828 
619 835 
616 842 
612 848 
607 853 
604 859 
600 866 
595 871 
590 878 
587 883 
581 888 
578 894 
573 899 
567 904 
563 908 
557 913 
552 918 
547 921 
542 926 
536 929 
531 934 
525 936 
519 940 
513 944 
507 946 
502 948 
496 951 
490 953 
485 955 
478 958 
473 959 
466 961 
460 962 
454 963 
448 964 
442 965 
436 965 
429 966 
423 965 
417 965 
411 964 
407 963 
399 963 
394 962 
387 962 
382 960 
376 958 
370 956 
363 955 
358 951 
352 949 
346 947 
341 944 
336 941 
331 937 
326 934 
320 931 
315 927 
310 923 
305 918 
301 914 
295 909 
291 904 
287 900 
282 894 
278 889 
274 883 
269 878 
265 872 
262 867 
259 861 
255 854 
252 848 
249 842 
246 836 
243 829 
241 823 
239 816 
236 808 
235 801 
232 793 
232 787 
230 780 
228 772 
228 764 
226 756 
226 748 
225 741 
225 733 
225 725 
225 717 
226 709 
226 701 
227 694 
227 686 
228 678 
229 669 
231 661 
232 652 
234 645 
236 636 
238 629 
241 620 
243 613 
246 604 
249 596 
252 589 
256 580 
259 573 
262 565 
266 556 
271 549 
274 541 
279 533 
283 526 
287 519 
292 511 
297 502 
303 496 
308 489 
313 481 
319 475 
324 467 
330 460 
337 454 
342 447 
349 441 
355 434 
361 428 
368 422 
375 416 
381 410 
388 405 
396 398 
403 393 
410 387 
417 382 
425 377 
432 373 
439 369 
447 364 
455 359 
462 355 
471 352 
478 348 
485 344 
493 340 
501 337 
509 333 
516 331 
524 328 
532 324 
542 322 
550 320 
558 318 
566 316 
574 313 
582 312 
590 310 
597 309 
604 308 
612 307 
621 307 
628 305 
636 305 
644 304 
652 304 
659 304 
667 305 
674 305 
682 306 
689 306 
697 307 
703 308 
710 308 
717 309 
724 311 
731 312 
737 314 
743 315 
750 318 
756 319 
762 322 
769 324 
774 327 
779 329 
785 332 
790 334 
796 337 
800 339 
806 343 
810 345 
816 349 
820 351 
825 355 
829 359 
833 363 
837 366 
840 368 
845 371 
848 376 
852 380 
855 383 
857 387 
861 391 
864 395 
866 399 
867 402 
870 407 
873 410 
874 415 
876 419 
877 424 
879 428 
880 431 
881 436 
882 440 
882 444 
883 448 
882 452 
883 456 
883 459 
882 465 
882 468 
882 472 
881 477 
880 480 
880 485 
879 488 
877 491 
877 495 
875 498 
874 503 
872 506 
870 509 
867 512 
866 515 
863 519 
861 522 
859 526 
855 528 
853 530 
850 533 
847 536 
843 539 
840 540 
837 544 
834 545 
831 547 
827 549 
824 551 
820 553 
816 555 
813 557 
809 558 
804 560 
800 561 
796 562 
792 563 
787 565 
783 565 
778 566 
774 566 
769 566 
764 566 
761 567 
756 567 
751 567 
747 566 
742 567 
738 566 
733 566 
728 566 
724 565 
719 564 
715 563 
710 563 
705 562 
700 560 
695 560 
691 559 
686 556 
682 556 
677 555 
672 552 
668 551 
663 550 
658 547 
654 545 
650 543 
645 541 
641 538 
637 536 
632 534 
628 532 
624 529 
621 527 
617 525 
612 523 
609 519 
605 516 
602 514 
597 512 
594 510 
590 507 
587 504 
584 501 
580 498 
576 495 
573 493 
570 490 
568 487 
565 483 
561 480 
558 477 
555 474 
553 471 
550 468 
548 465 
546 462 
542 459 
540 455 
538 452 
535 450 
533 446 
532 443 
529 441 
527 438 
525 435 
523 432 
521 429 
520 427 
518 424 
517 421 
515 418 
514 416 
512 414 
510 411 
509 409 
508 406 
507 403 
505 401 
504 399 
504 397 
502 395 
502 393 
500 392 
499 389 
499 388 
498 385 
497 385 
496 382 
495 381 
494 379 
494 379 
492 378 
491 376 
490 375 
489 372 
489 372 
488 372 
487 370 
487 369 
485 369 
485 368 
484 367 
483 367 
482 367 
481 366 
481 366 
479 365 
479 365 
478 365 
476 365 
477 365 
475 366 
475 365 
473 366 
471 367 
471 366 
469 367 
470 367 
468 368 
467 369 
466 369 
464 370 
464 370 
462 371 
459 371 
458 372 
457 373 
455 373 
453 375 
452 376 
451 377 
448 378 
447 379 
445 380 
442 381 
441 382 
438 383 
437 384 
434 385 
432 387 
429 388 
427 389 
424 390 
421 390 
419 391 
417 393 
415 393 
411 395 
410 395 
406 396 
404 397 
400 398 
398 401 
395 401 
392 403 
389 402 
386 404 
383 406 
380 406 
376 408 
373 407 
370 408 
366 410 
363 410 
360 410 
357 411 
352 412 
350 412 
347 412 
343 412 
340 413 
336 413 
332 414 
329 412 
325 413 
322 413 
319 413 
315 413 
312 413 
309 413 
304 412 
301 411 
298 411 
296 411 
292 410 
289 409 
286 408 
283 408 
278 406 
275 405 
272 404 
270 404 
267 402 
264 400 
260 399 
258 397 
256 397 
254 395 
251 394 
248 391 
246 390 
244 388 
241 387 
239 384 
237 382 
235 380 
233 379 
231 376 
229 375 
228 372 
226 370 
225 369 
223 366 
221 363 
221 361 
219 359 
218 356 
217 354 
216 351 
